    +------+---+---+---+---+---+---+---+---+---+---+
    |Pins  |00 |00 |00 |00 |00 |00 |00 |00 |00 |00 |
    |Score |0  |0  |0  |0  |0  |0  |0  |0  |0  |0  |
    +------+---+---+---+---+---+---+---+---+---+---|

    +------+---+---+---+---+---+---+---+---+---+---+
    |Pins  |11 |11 |11 |11 |11 |11 |11 |11 |11 |11 |
    |Score |2  |4  |6  |8  |10 |12 |14 |16 |18 |20 |
    +------+---+---+---+---+---+---+---+---+---+---+

    +------+---+---+---+---+---+---+---+---+---+---+
    |Pins  |00 |8/ |34 |00 |00 |00 |00 |00 |00 |00 |
    |Score |0  |13 |20 |20 |20 |20 |20 |20 |20 |20 |
    +------+---+---+---+---+---+---+---+---+---+---+

    +------+---+---+---+---+---+---+---+---+---+---+
    |Pins  |00 |x  |34 |60 |00 |00 |00 |00 |00 |00 |
    |Score |0  |17 |24 |30 |30 |30 |30 |30 |30 |30 |
    +------+---+---+---+---+---+---+---+---+---+---+

    +------+---+---+---+---+---+---+---+---+---+---+
    |Pins  |26 |35 |8/ |73 |x  |16 |27 |55 |x  |53 |
    |Score |8  |16 |33 |53 |70 |77 |86 |106|124|132|
    +------+---+---+---+---+---+---+---+---+---+---+

    +------+---+---+---+---+---+---+---+---+---+---+
    |Pins  |x  |x  |x  |x  |x  |x  |x  |x  |x  |xxx|
    |Score |30 |60 |90 |120|150|180|210|240|270|300|
    +------+---+---+---+---+---+---+---+---+---+---+
